7.000000e-04 4.549097e-03 -9.746265e-04 1.810323e-03 9.838435e-04 1.784636e-03 6.603609e-04 4.201284e-04 9.354185e-01 -4.662143e-01 9.378619e-01 4.684179e-01 2.435550e-01 3.904173e+03 2.692568e-01 -6.697919e-02 
1.120000e-02 5.590365e+01 7.652383e+00 5.354876e+01 1.352155e+02 3.177804e+01 2.052496e+01 3.060056e+01 1.852257e+02 -5.541506e+01 2.375287e+02 1.177937e+02 6.490567e+01 3.869947e+03 3.447740e+02 -6.830585e+01 
2.170000e-02 2.122286e+02 7.527571e+01 3.655915e+02 8.372020e+02 1.437521e+02 1.242979e+02 2.204337e+02 4.641921e+02 -3.721077e+01 7.322425e+02 4.013968e+02 2.134909e+02 3.781859e+03 7.763552e+02 -1.255757e+02 
3.220000e-02 3.680882e+02 1.607213e+02 8.636933e+02 1.819941e+03 2.644047e+02 3.241238e+02 5.122069e+02 6.970185e+02 3.267336e+01 1.285547e+03 7.439383e+02 3.648455e+02 3.659141e+03 9.781671e+02 -1.344743e+02 
4.270000e-02 5.104911e+02 2.511134e+02 1.428769e+03 3.021367e+03 3.808022e+02 6.276550e+02 8.399408e+02 8.755923e+02 1.339118e+02 1.884049e+03 1.086831e+03 5.047521e+02 3.514105e+03 1.221685e+03 -1.447602e+02 
5.320000e-02 6.180232e+02 3.574622e+02 2.035982e+03 4.226772e+03 4.877429e+02 9.107221e+02 1.196721e+03 9.941807e+02 2.714992e+02 2.392643e+03 1.412965e+03 6.328404e+02 3.355818e+03 1.322727e+03 -1.361858e+02 
6.370000e-02 6.821307e+02 4.373818e+02 2.594407e+03 5.095065e+03 5.597563e+02 1.113021e+03 1.515896e+03 1.060611e+03 3.840251e+02 2.733388e+03 1.691626e+03 7.223183e+02 3.192609e+03 1.207098e+03 -1.090407e+02 
7.420000e-02 7.235530e+02 4.793528e+02 3.049677e+03 5.867000e+03 6.014529e+02 1.373344e+03 1.764516e+03 1.097563e+03 4.515319e+02 3.072363e+03 1.914437e+03 7.745474e+02 3.032220e+03 1.164976e+03 -9.301300e+01 
8.470000e-02 7.536737e+02 5.184488e+02 3.458102e+03 6.755626e+03 6.360611e+02 1.704865e+03 1.988276e+03 1.116537e+03 5.173513e+02 3.457464e+03 2.106985e+03 8.169441e+02 2.878353e+03 1.230596e+03 -8.712311e+01 
9.520000e-02 7.683731e+02 5.617286e+02 3.842614e+03 7.458901e+03 6.650509e+02 1.940943e+03 2.202171e+03 1.117903e+03 5.893985e+02 3.723898e+03 2.277824e+03 8.536512e+02 2.731214e+03 1.192750e+03 -7.497532e+01 
1.057000e-01 7.689197e+02 5.859623e+02 4.157491e+03 7.846296e+03 6.774412e+02 2.073782e+03 2.371727e+03 1.105575e+03 6.360943e+02 3.856795e+03 2.413072e+03 8.708341e+02 2.591354e+03 1.060878e+03 -5.925347e+01 
1.162000e-01 7.634883e+02 5.909871e+02 4.399460e+03 8.235453e+03 6.772377e+02 2.258523e+03 2.495223e+03 1.086814e+03 6.568894e+02 4.022574e+03 2.515571e+03 8.718516e+02 2.460125e+03 1.003868e+03 -4.980554e+01 
1.267000e-01 7.554500e+02 5.963537e+02 4.614870e+03 8.737832e+03 6.759021e+02 2.500319e+03 2.605612e+03 1.064616e+03 6.774865e+02 4.240838e+03 2.604027e+03 8.710516e+02 2.337603e+03 1.012468e+03 -4.453544e+01 
1.372000e-01 7.431795e+02 6.051611e+02 4.813922e+03 9.107516e+03 6.741702e+02 2.669276e+03 2.709545e+03 1.038567e+03 7.013743e+02 4.382015e+03 2.682342e+03 8.699707e+02 2.222761e+03 9.704440e+02 -3.772147e+01 
1.477000e-01 7.269359e+02 6.061607e+02 4.972377e+03 9.274332e+03 6.665485e+02 2.758310e+03 2.789269e+03 1.009575e+03 7.136430e+02 4.434433e+03 2.742175e+03 8.616094e+02 2.115115e+03 8.832054e+02 -3.020074e+01 
1.582000e-01 7.093460e+02 5.984768e+02 5.091383e+03 9.448933e+03 6.539112e+02 2.873630e+03 2.844933e+03 9.797998e+02 7.137145e+02 4.507343e+03 2.785132e+03 8.467561e+02 2.014703e+03 8.322594e+02 -2.488442e+01 
1.687000e-01 6.916176e+02 5.908134e+02 5.195247e+03 9.703564e+03 6.412155e+02 3.028943e+03 2.893031e+03 9.501643e+02 7.131261e+02 4.620320e+03 2.821770e+03 8.316451e+02 1.921080e+03 8.173921e+02 -2.119687e+01 
1.792000e-01 6.732154e+02 5.854331e+02 5.289531e+03 9.894570e+03 6.293243e+02 3.147098e+03 2.937482e+03 9.204443e+02 7.144005e+02 4.696868e+03 2.852406e+03 8.174228e+02 1.833466e+03 7.851151e+02 -1.746801e+01 
1.897000e-01 6.540562e+02 5.776550e+02 5.363207e+03 9.968770e+03 6.158554e+02 3.213229e+03 2.970432e+03 8.907635e+02 7.114667e+02 4.719849e+03 2.874820e+03 8.011154e+02 1.751391e+03 7.314252e+02 -1.376339e+01 
2.002000e-01 6.349240e+02 5.662618e+02 5.416290e+03 1.003536e+04 6.005929e+02 3.284588e+03 2.991276e+03 8.617246e+02 7.032445e+02 4.746906e+03 2.888624e+03 7.824847e+02 1.674635e+03 6.910625e+02 -1.078698e+01 
2.632000e-01 5.288831e+02 4.980449e+02 5.559036e+03 1.034004e+04 5.134638e+02 3.660485e+03 3.028546e+03 7.064068e+02 6.422843e+02 4.880357e+03 2.899727e+03 6.743454e+02 1.303948e+03 5.366296e+02 5.003429e-02 
3.262000e-01 4.415351e+02 4.318664e+02 5.511302e+03 1.026610e+04 4.367005e+02 3.832620e+03 2.971584e+03 5.839397e+02 5.704625e+02 4.853259e+03 2.837823e+03 5.772010e+02 1.044003e+03 4.195431e+02 4.909306e+00 
3.892000e-01 3.722096e+02 3.741870e+02 5.384465e+03 1.006822e+04 3.731983e+02 3.912539e+03 2.879309e+03 4.889113e+02 5.028304e+02 4.774649e+03 2.749677e+03 4.958710e+02 8.551783e+02 3.383705e+02 7.031949e+00 
4.522000e-01 3.172281e+02 3.258267e+02 5.227024e+03 9.811714e+03 3.215274e+02 3.932704e+03 2.776432e+03 4.146129e+02 4.435450e+02 4.668845e+03 2.654413e+03 4.290791e+02 7.137034e+02 2.783791e+02 7.840297e+00 
5.152000e-01 2.732432e+02 2.855165e+02 5.061060e+03 9.536211e+03 2.793798e+02 3.917703e+03 2.673291e+03 3.557556e+02 3.926671e+02 4.552854e+03 2.560004e+03 3.742114e+02 6.049270e+02 2.330400e+02 8.001824e+00 
5.782000e-01 2.376450e+02 2.518878e+02 4.896646e+03 9.259311e+03 2.447663e+02 3.881114e+03 2.574267e+03 3.084636e+02 3.493235e+02 4.434345e+03 2.469710e+03 3.288933e+02 5.194397e+02 1.979356e+02 7.840254e+00 
6.412000e-01 2.084887e+02 2.236626e+02 4.738400e+03 8.989709e+03 2.160758e+02 3.831454e+03 2.481033e+03 2.699448e+02 3.123528e+02 4.317474e+03 2.384756e+03 2.911489e+02 4.509938e+02 1.702019e+02 7.521376e+00 
7.042000e-01 1.843379e+02 1.998144e+02 4.588358e+03 8.731517e+03 1.920761e+02 3.774073e+03 2.394087e+03 2.381792e+02 2.807125e+02 4.204322e+03 2.305446e+03 2.594459e+02 3.953138e+02 1.479092e+02 7.132914e+00 
