7.000000e-04 4.936120e-03 -1.048537e-03 1.974488e-03 1.125309e-03 1.942247e-03 7.222635e-04 4.644801e-04 9.774088e-01 -4.870826e-01 9.800710e-01 4.894899e-01 2.517550e-01 3.924846e+03 2.923084e-01 -7.269934e-02 
1.120000e-02 5.873802e+01 8.244882e+00 5.706226e+01 1.438341e+02 3.349145e+01 2.193586e+01 3.265356e+01 1.924364e+02 -5.692058e+01 2.478638e+02 1.230656e+02 6.775720e+01 3.888138e+03 3.567171e+02 -7.036750e+01 
2.170000e-02 2.209858e+02 7.915172e+01 3.849443e+02 8.798867e+02 1.500688e+02 1.315711e+02 2.320480e+02 4.794397e+02 -3.574732e+01 7.610796e+02 4.178641e+02 2.218461e+02 3.796384e+03 7.964772e+02 -1.278244e+02 
3.220000e-02 3.809071e+02 1.680530e+02 9.034398e+02 1.901462e+03 2.744801e+02 3.401447e+02 5.357464e+02 7.162709e+02 3.878701e+01 1.330896e+03 7.714394e+02 3.775289e+02 3.668565e+03 9.989428e+02 -1.358080e+02 
4.270000e-02 5.252967e+02 2.611780e+02 1.487812e+03 3.139079e+03 3.932373e+02 6.539465e+02 8.744952e+02 8.958054e+02 1.444674e+02 1.942989e+03 1.123265e+03 5.201363e+02 3.517962e+03 1.238579e+03 -1.446616e+02 
5.320000e-02 6.330323e+02 3.693451e+02 2.110755e+03 4.370502e+03 5.011887e+02 9.453719e+02 1.240050e+03 1.013299e+03 2.856432e+02 2.459859e+03 1.455595e+03 6.494711e+02 3.354205e+03 1.333597e+03 -1.348800e+02 
6.370000e-02 6.961861e+02 4.499171e+02 2.679045e+03 5.253018e+03 5.730517e+02 1.153623e+03 1.564481e+03 1.077491e+03 4.002129e+02 2.804165e+03 1.737320e+03 7.388516e+02 3.185957e+03 1.215847e+03 -1.075006e+02 
7.420000e-02 7.360612e+02 4.918051e+02 3.140111e+03 6.033251e+03 6.139332e+02 1.419081e+03 1.815958e+03 1.111726e+03 4.685935e+02 3.144741e+03 1.961298e+03 7.901599e+02 3.021070e+03 1.170514e+03 -9.111639e+01 
8.470000e-02 7.643188e+02 5.303729e+02 3.551896e+03 6.925055e+03 6.473458e+02 1.754436e+03 2.041134e+03 1.127844e+03 5.345347e+02 3.529625e+03 2.153945e+03 8.311889e+02 2.863298e+03 1.229563e+03 -8.451242e+01 
9.520000e-02 7.770548e+02 5.726270e+02 3.936624e+03 7.624842e+03 6.748410e+02 1.992327e+03 2.254622e+03 1.126413e+03 6.059293e+02 3.793581e+03 2.323534e+03 8.661713e+02 2.712808e+03 1.187580e+03 -7.213580e+01 
1.057000e-01 7.757371e+02 5.955804e+02 4.248966e+03 8.007183e+03 6.856587e+02 2.126773e+03 2.422272e+03 1.111495e+03 6.514881e+02 3.923926e+03 2.456445e+03 8.814915e+02 2.570135e+03 1.056196e+03 -5.670733e+01 
1.162000e-01 7.685711e+02 5.994832e+02 4.487792e+03 8.392258e+03 6.840272e+02 2.313139e+03 2.543638e+03 1.090373e+03 6.711823e+02 4.087538e+03 2.556483e+03 8.807771e+02 2.436550e+03 9.984617e+02 -4.733708e+01 
1.267000e-01 7.588733e+02 6.038089e+02 4.699780e+03 8.886779e+03 6.813411e+02 2.554428e+03 2.651795e+03 1.066008e+03 6.906706e+02 4.301778e+03 2.642465e+03 8.783395e+02 2.312063e+03 1.003184e+03 -4.188111e+01 
1.372000e-01 7.450482e+02 6.113767e+02 4.894036e+03 9.244038e+03 6.782125e+02 2.721056e+03 2.752707e+03 1.037999e+03 7.131359e+02 4.437267e+03 2.717783e+03 8.755677e+02 2.195603e+03 9.584931e+02 -3.508146e+01 
1.477000e-01 7.274255e+02 6.110531e+02 5.046579e+03 9.400409e+03 6.692394e+02 2.808860e+03 2.828816e+03 1.007282e+03 7.238195e+02 4.485381e+03 2.774236e+03 8.655508e+02 2.086648e+03 8.717871e+02 -2.780809e+01 
1.582000e-01 7.086218e+02 6.022732e+02 5.159945e+03 9.567747e+03 6.554474e+02 2.923880e+03 2.881109e+03 9.759958e+02 7.225142e+02 4.555324e+03 2.814044e+03 8.492542e+02 1.985182e+03 8.212339e+02 -2.264860e+01 
1.687000e-01 6.897887e+02 5.936935e+02 5.258557e+03 9.812475e+03 6.417409e+02 3.077155e+03 2.926126e+03 9.450183e+02 7.207198e+02 4.663914e+03 2.847146e+03 8.328691e+02 1.890725e+03 8.046721e+02 -1.898146e+01 
1.792000e-01 6.703821e+02 5.873409e+02 5.347171e+03 9.990522e+03 6.288615e+02 3.191717e+03 2.967257e+03 9.141102e+02 7.207019e+02 4.734693e+03 2.875416e+03 8.174062e+02 1.802465e+03 7.708201e+02 -1.532847e+01 
1.897000e-01 6.503432e+02 5.785539e+02 5.414772e+03 1.005380e+04 6.144486e+02 3.255342e+03 2.996664e+03 8.833980e+02 7.164218e+02 4.753188e+03 2.894690e+03 7.999100e+02 1.719909e+03 7.173903e+02 -1.179131e+01 
2.002000e-01 6.304493e+02 5.663121e+02 5.462132e+03 1.011285e+04 5.983807e+02 3.325422e+03 3.014224e+03 8.534690e+02 7.070250e+02 4.777273e+03 2.905579e+03 7.802470e+02 1.642813e+03 6.776429e+02 -8.953172e+00 
2.632000e-01 5.213813e+02 4.944932e+02 5.574699e+03 1.036343e+04 5.079373e+02 3.684795e+03 3.034596e+03 6.948173e+02 6.407260e+02 4.887550e+03 2.901809e+03 6.677718e+02 1.271992e+03 5.222327e+02 1.337891e+00 
3.262000e-01 4.327490e+02 4.262284e+02 5.502603e+03 1.024642e+04 4.294889e+02 3.841264e+03 2.964415e+03 5.711463e+02 5.655224e+02 4.841899e+03 2.828382e+03 5.683343e+02 1.013608e+03 4.060476e+02 5.771103e+00 
3.892000e-01 3.630312e+02 3.674791e+02 5.356959e+03 1.001552e+04 3.652552e+02 3.907546e+03 2.862220e+03 4.759473e+02 4.959152e+02 4.748749e+03 2.731559e+03 4.859314e+02 8.268995e+02 3.260196e+02 7.602154e+00 
4.522000e-01 3.081129e+02 3.186258e+02 5.185109e+03 9.732977e+03 3.133694e+02 3.915868e+03 2.751866e+03 4.019780e+02 4.355251e+02 4.631215e+03 2.629711e+03 4.187517e+02 6.876382e+02 2.671515e+02 8.205137e+00 
5.152000e-01 2.644166e+02 2.781714e+02 5.007827e+03 9.436750e+03 2.712940e+02 3.890740e+03 2.642999e+03 3.436779e+02 3.840999e+02 4.505712e+03 2.530193e+03 3.638889e+02 5.809797e+02 2.228690e+02 8.221818e+00 
5.782000e-01 2.292130e+02 2.445903e+02 4.834437e+03 9.143248e+03 2.369016e+02 3.845545e+03 2.539515e+03 2.970355e+02 3.405353e+02 4.379482e+03 2.435881e+03 3.187853e+02 4.974452e+02 1.887184e+02 7.956722e+00 
6.412000e-01 2.004962e+02 2.165274e+02 4.669096e+03 8.860298e+03 2.085118e+02 3.788582e+03 2.442812e+03 2.591911e+02 3.035538e+02 4.256286e+03 2.347770e+03 2.813723e+02 4.307719e+02 1.618305e+02 7.563254e+00 
7.042000e-01 1.767941e+02 1.929113e+02 4.513460e+03 8.591493e+03 1.848527e+02 3.725073e+03 2.353181e+03 2.280876e+02 2.720437e+02 4.138017e+03 2.265990e+03 2.500656e+02 3.766872e+02 1.402889e+02 7.120807e+00 
