# hfid = 0.700000
3.735958e+01 3.588409e+01 3.889573e+01
4.049505e+01 3.889573e+01 4.216013e+01
4.389368e+01 4.216013e+01 4.569850e+01
4.757754e+01 4.569850e+01 4.953384e+01
5.157057e+01 4.953384e+01 5.369106e+01
5.589873e+01 5.369106e+01 5.819718e+01
6.059014e+01 5.819718e+01 6.308149e+01
6.567528e+01 6.308149e+01 6.837573e+01
7.118721e+01 6.837573e+01 7.411429e+01
7.716173e+01 7.411429e+01 8.033448e+01
8.363768e+01 8.033448e+01 8.707670e+01
9.065713e+01 8.707670e+01 9.438478e+01
9.826570e+01 9.438478e+01 1.023062e+02
1.065128e+02 1.023062e+02 1.108924e+02
1.154521e+02 1.108924e+02 1.201993e+02
1.251417e+02 1.201993e+02 1.302873e+02
1.356444e+02 1.302873e+02 1.412219e+02
1.470286e+02 1.412219e+02 1.530742e+02
1.593683e+02 1.530742e+02 1.659212e+02
1.727436e+02 1.659212e+02 1.798465e+02
1.872414e+02 1.798465e+02 1.949404e+02
2.029560e+02 1.949404e+02 2.113012e+02
2.199895e+02 2.113012e+02 2.290351e+02
