7.000000e-04 -1.519363e-04 2.194361e-06 -3.279064e-01 -3.745435e-04 2.505500e-01 2.406041e-01 -9.945894e-03 
1.120000e-02 -2.969858e+00 1.440026e-01 -4.010163e+02 -5.573816e+01 3.057575e+02 3.483421e+02 4.258461e+01 
2.170000e-02 -1.203234e+01 1.645975e+00 -8.715003e+02 -4.212193e+02 6.826948e+02 9.720156e+02 2.893209e+02 
3.220000e-02 -1.977362e+01 5.414837e+00 -1.027105e+03 -9.930700e+02 8.562367e+02 1.490348e+03 6.341110e+02 
4.270000e-02 -3.191275e+01 1.012409e+01 -1.272392e+03 -1.636637e+03 1.061639e+03 2.199297e+03 1.137658e+03 
5.320000e-02 -3.915735e+01 1.718668e+01 -1.323766e+03 -2.336906e+03 1.143083e+03 2.760542e+03 1.617459e+03 
6.370000e-02 -2.968842e+01 2.827907e+01 -1.029379e+03 -2.965232e+03 1.042155e+03 2.886537e+03 1.844383e+03 
7.420000e-02 -2.556121e+01 3.741985e+01 -9.008735e+02 -3.456507e+03 1.003298e+03 3.144200e+03 2.140902e+03 
8.470000e-02 -3.632996e+01 4.227098e+01 -1.017667e+03 -3.897312e+03 1.053911e+03 3.694778e+03 2.640867e+03 
9.520000e-02 -3.301955e+01 5.119348e+01 -9.311420e+02 -4.316432e+03 1.017925e+03 3.954618e+03 2.936693e+03 
1.057000e-01 -1.052809e+01 6.529222e+01 -6.404660e+02 -4.648645e+03 9.053107e+02 3.866715e+03 2.961404e+03 
1.162000e-01 -2.619665e+00 7.372725e+01 -5.428216e+02 -4.891840e+03 8.558243e+02 3.991466e+03 3.135642e+03 
1.267000e-01 -1.243920e+01 7.583209e+01 -6.218849e+02 -5.108920e+03 8.598721e+02 4.353404e+03 3.493532e+03 
1.372000e-01 -7.413222e+00 8.287343e+01 -5.634405e+02 -5.311638e+03 8.215655e+02 4.492169e+03 3.670603e+03 
1.477000e-01 1.496726e+01 9.547867e+01 -3.756689e+02 -5.466420e+03 7.472461e+02 4.392766e+03 3.645520e+03 
1.582000e-01 2.451831e+01 1.027020e+02 -3.010254e+02 -5.574948e+03 7.039147e+02 4.431183e+03 3.727268e+03 
1.687000e-01 1.827465e+01 1.037160e+02 -3.396885e+02 -5.668896e+03 6.897189e+02 4.632852e+03 3.943132e+03 
1.792000e-01 2.148365e+01 1.081458e+02 -3.142014e+02 -5.754838e+03 6.607030e+02 4.720285e+03 4.059569e+03 
1.897000e-01 3.821732e+01 1.174163e+02 -2.105862e+02 -5.817771e+03 6.149059e+02 4.659073e+03 4.044167e+03 
2.002000e-01 4.788743e+01 1.234735e+02 -1.550217e+02 -5.857480e+03 5.808368e+02 4.655178e+03 4.074342e+03 
2.107000e-01 4.586246e+01 1.246349e+02 -1.652519e+02 -5.887971e+03 5.615455e+02 4.749197e+03 4.187651e+03 
2.212000e-01 4.770389e+01 1.272124e+02 -1.549216e+02 -5.913589e+03 5.391316e+02 4.801010e+03 4.261879e+03 
2.317000e-01 5.849550e+01 1.332071e+02 -1.025587e+02 -5.928522e+03 5.097614e+02 4.770185e+03 4.260424e+03 
2.422000e-01 6.681716e+01 1.379195e+02 -6.492709e+01 -5.931950e+03 4.841944e+02 4.752397e+03 4.268202e+03 
2.527000e-01 6.779357e+01 1.394057e+02 -6.138618e+01 -5.929589e+03 4.656391e+02 4.785449e+03 4.319810e+03 
2.632000e-01 6.930389e+01 1.410038e+02 -5.563590e+01 -5.924069e+03 4.476280e+02 4.809281e+03 4.361653e+03 
2.737000e-01 7.582049e+01 1.445793e+02 -3.023537e+01 -5.913580e+03 4.273198e+02 4.792504e+03 4.365185e+03 
3.367000e-01 9.731946e+01 1.560915e+02 3.852608e+01 -5.777757e+03 3.350111e+02 4.735873e+03 4.400862e+03 
3.997000e-01 1.107010e+02 1.615506e+02 6.888724e+01 -5.586447e+03 2.699876e+02 4.646377e+03 4.376389e+03 
4.627000e-01 1.205289e+02 1.640626e+02 8.516319e+01 -5.379566e+03 2.219043e+02 4.532579e+03 4.310674e+03 
5.257000e-01 1.267182e+02 1.642157e+02 9.132075e+01 -5.174911e+03 1.856336e+02 4.413991e+03 4.228357e+03 
5.887000e-01 1.306894e+02 1.630060e+02 9.267774e+01 -4.979583e+03 1.575367e+02 4.294458e+03 4.136922e+03 
6.517000e-01 1.329236e+02 1.608556e+02 9.115616e+01 -4.796411e+03 1.353525e+02 4.177915e+03 4.042562e+03 
1.176700e+00 1.251725e+02 1.336141e+02 5.953463e+01 -3.696053e+03 5.201237e+01 3.395402e+03 3.343390e+03 
1.701700e+00 1.082093e+02 1.097959e+02 3.822444e+01 -3.056926e+03 2.706826e+01 2.882027e+03 2.854958e+03 
2.226700e+00 9.343130e+01 9.210905e+01 2.616783e+01 -2.636642e+03 1.643289e+01 2.522965e+03 2.506532e+03 
2.751700e+00 8.147738e+01 7.882851e+01 1.889098e+01 -2.335626e+03 1.095933e+01 2.256184e+03 2.245225e+03 
3.276700e+00 7.199664e+01 6.866379e+01 1.425358e+01 -2.107348e+03 7.788454e+00 2.048833e+03 2.041044e+03 
3.801700e+00 6.376718e+01 6.039556e+01 1.096997e+01 -1.932297e+03 5.812506e+00 1.887789e+03 1.881977e+03 
4.326700e+00 5.720008e+01 5.390268e+01 8.694669e+00 -1.794340e+03 4.502254e+00 1.759351e+03 1.754848e+03 
4.851700e+00 5.197756e+01 4.870251e+01 7.091251e+00 -1.678287e+03 3.580604e+00 1.650012e+03 1.646431e+03 
5.376700e+00 4.762735e+01 4.438010e+01 5.897772e+00 -1.578940e+03 2.909097e+00 1.555628e+03 1.552719e+03 
5.901700e+00 4.389151e+01 4.072040e+01 4.976509e+00 -1.492723e+03 2.405614e+00 1.473189e+03 1.470783e+03 
6.426700e+00 4.069731e+01 3.757998e+01 4.257623e+00 -1.417044e+03 2.019002e+00 1.400454e+03 1.398435e+03 
6.951700e+00 3.792489e+01 3.486485e+01 3.684611e+00 -1.349978e+03 1.716099e+00 1.335719e+03 1.334003e+03 
