7.000000e-04 -1.399506e-04 2.021889e-06 -3.020380e-01 -3.307633e-04 2.307916e-01 2.216075e-01 -9.184020e-03 
1.120000e-02 -2.871604e+00 1.363899e-01 -3.876403e+02 -5.212167e+01 2.955206e+02 3.352495e+02 3.972871e+01 
2.170000e-02 -1.175573e+01 1.570644e+00 -8.503382e+02 -3.997951e+02 6.654473e+02 9.400130e+02 2.745640e+02 
3.220000e-02 -1.946355e+01 5.197022e+00 -1.007990e+03 -9.488696e+02 8.384289e+02 1.443882e+03 6.054535e+02 
4.270000e-02 -3.174349e+01 9.733735e+00 -1.259720e+03 -1.571081e+03 1.047159e+03 2.141616e+03 1.094458e+03 
5.320000e-02 -3.936393e+01 1.658466e+01 -1.320724e+03 -2.254087e+03 1.133766e+03 2.698306e+03 1.564542e+03 
6.370000e-02 -3.016720e+01 2.748962e+01 -1.030553e+03 -2.871860e+03 1.034655e+03 2.820043e+03 1.785388e+03 
7.420000e-02 -2.633584e+01 3.649868e+01 -9.061559e+02 -3.357189e+03 9.985507e+02 3.075531e+03 2.076980e+03 
8.470000e-02 -3.771891e+01 4.121092e+01 -1.031487e+03 -3.794820e+03 1.054797e+03 3.630339e+03 2.575540e+03 
9.520000e-02 -3.496634e+01 5.000984e+01 -9.508069e+02 -4.214327e+03 1.022357e+03 3.895489e+03 2.873132e+03 
1.057000e-01 -1.243521e+01 6.414849e+01 -6.578238e+02 -4.549899e+03 9.093242e+02 3.805873e+03 2.896549e+03 
1.162000e-01 -4.475701e+00 7.268415e+01 -5.586337e+02 -4.796949e+03 8.604581e+02 3.929358e+03 3.068901e+03 
1.267000e-01 -1.488066e+01 7.473641e+01 -6.427160e+02 -5.018110e+03 8.678301e+02 4.298923e+03 3.431093e+03 
1.372000e-01 -1.047779e+01 8.169154e+01 -5.886322e+02 -5.226472e+03 8.318091e+02 4.447083e+03 3.615275e+03 
1.477000e-01 1.208120e+01 9.446265e+01 -3.981836e+02 -5.388097e+03 7.570332e+02 4.348665e+03 3.591636e+03 
1.582000e-01 2.203421e+01 1.019669e+02 -3.198040e+02 -5.503036e+03 7.133652e+02 4.385548e+03 3.672183e+03 
1.687000e-01 1.547045e+01 1.030302e+02 -3.602569e+02 -5.602858e+03 7.006218e+02 4.593371e+03 3.892753e+03 
1.792000e-01 1.809398e+01 1.073907e+02 -3.379094e+02 -5.695157e+03 6.729558e+02 4.690229e+03 4.017273e+03 
1.897000e-01 3.498195e+01 1.168505e+02 -2.325772e+02 -5.764904e+03 6.269359e+02 4.631777e+03 4.004841e+03 
2.002000e-01 4.521141e+01 1.232657e+02 -1.733068e+02 -5.810953e+03 5.923393e+02 4.626833e+03 4.034494e+03 
2.107000e-01 4.314034e+01 1.245641e+02 -1.834503e+02 -5.847167e+03 5.734928e+02 4.724995e+03 4.151498e+03 
2.212000e-01 4.451453e+01 1.270993e+02 -1.750987e+02 -5.878529e+03 5.517734e+02 4.784680e+03 4.232906e+03 
2.317000e-01 5.535485e+01 1.332442e+02 -1.220239e+02 -5.899335e+03 5.223369e+02 4.757680e+03 4.235343e+03 
2.422000e-01 6.422898e+01 1.383123e+02 -8.145807e+01 -5.908308e+03 4.963119e+02 4.739759e+03 4.243423e+03 
2.527000e-01 6.541277e+01 1.400154e+02 -7.676249e+01 -5.910978e+03 4.777092e+02 4.775110e+03 4.297401e+03 
2.632000e-01 6.663080e+01 1.416205e+02 -7.198588e+01 -5.910388e+03 4.599682e+02 4.804887e+03 4.344918e+03 
2.737000e-01 7.309146e+01 1.452902e+02 -4.651400e+01 -5.904789e+03 4.396472e+02 4.792409e+03 4.352762e+03 
3.367000e-01 9.572234e+01 1.579200e+02 2.743406e+01 -5.793703e+03 3.463434e+02 4.749867e+03 4.403524e+03 
3.997000e-01 1.097427e+02 1.641542e+02 6.027761e+01 -5.621124e+03 2.804238e+02 4.674586e+03 4.394161e+03 
4.627000e-01 1.203644e+02 1.673977e+02 7.890091e+01 -5.428465e+03 2.313656e+02 4.571436e+03 4.340070e+03 
5.257000e-01 1.272796e+02 1.681682e+02 8.683763e+01 -5.234873e+03 1.942033e+02 4.461658e+03 4.267454e+03 
5.887000e-01 1.318740e+02 1.674602e+02 8.949684e+01 -5.048146e+03 1.653110e+02 4.349468e+03 4.184156e+03 
6.517000e-01 1.346888e+02 1.657388e+02 8.902085e+01 -4.871698e+03 1.424171e+02 4.238878e+03 4.096461e+03 
1.176700e+00 1.297255e+02 1.401087e+02 6.061227e+01 -3.794183e+03 5.559326e+01 3.480600e+03 3.425007e+03 
1.701700e+00 1.135648e+02 1.163859e+02 3.958757e+01 -3.157997e+03 2.920946e+01 2.973478e+03 2.944268e+03 
2.226700e+00 9.903355e+01 9.846860e+01 2.744994e+01 -2.736239e+03 1.785068e+01 2.615211e+03 2.597360e+03 
2.751700e+00 8.697167e+01 8.479732e+01 1.998231e+01 -2.432531e+03 1.196441e+01 2.347400e+03 2.335436e+03 
3.276700e+00 7.718716e+01 7.419408e+01 1.514611e+01 -2.201172e+03 8.535655e+00 2.138189e+03 2.129653e+03 
3.801700e+00 6.924456e+01 6.580543e+01 1.186600e+01 -2.017794e+03 6.370904e+00 1.969376e+03 1.963005e+03 
4.326700e+00 6.251379e+01 5.891656e+01 9.499362e+00 -1.868130e+03 4.921377e+00 1.829891e+03 1.824969e+03 
4.851700e+00 5.696567e+01 5.329268e+01 7.783312e+00 -1.743100e+03 3.905236e+00 1.712138e+03 1.708233e+03 
5.376700e+00 5.218859e+01 4.854373e+01 6.475579e+00 -1.636800e+03 3.167156e+00 1.611276e+03 1.608109e+03 
5.901700e+00 4.813046e+01 4.452087e+01 5.472536e+00 -1.544954e+03 2.614869e+00 1.523572e+03 1.520957e+03 
6.426700e+00 4.455894e+01 4.105145e+01 4.674413e+00 -1.464813e+03 2.191828e+00 1.446668e+03 1.444476e+03 
6.951700e+00 4.151179e+01 3.806620e+01 4.044095e+00 -1.393917e+03 1.860713e+00 1.378328e+03 1.376467e+03 
